MSE: 0.5936235785484314
MAE: 0.4943062365055084
R2 : 0.4145056903362274
