MSE: 0.4259680509567261
MAE: 0.4135509729385376
R2 : 0.5791680216789246
