MSE: 0.508689284324646
MAE: 0.4542888104915619
R2 : 0.4980938732624054
