MSE: 0.45010989904403687
MAE: 0.4449303448200226
R2 : 0.5554069876670837
