PHASE 0 RESULTS
MSE: 0.5520521505529808
MAE: 0.5380412720647066
R2 : 0.4515920103517489

PHASE 1 RESULTS
MSE: 0.41042250394821167
MAE: 0.4063965976238251
R2 : 0.5938840508460999
