MSE: 0.7429087162017822
MAE: 0.5527725219726562
R2 : 0.26678869128227234
